ts/t = 0.4:
0,0011070840197693332; 1,008
0,036717088512805085; 1,0309090909090908
0,07231630971993402; 1,044
0,10790115321252053; 1,044
0,14347521341920016; 1,034181818181818
0,17904567919724418; 1,0210909090909088
0,20472427737007637; 1,0014545454545454
0,2343495581848135; 0,9752727272727272
0,2501434776097049; 0,9556363636363636
0,26193679796315716; 0,8934545454545455
0,27572143178073993; 0,8443636363636362
0,29147221806200385; 0,7854545454545454
0,30723378762917475; 0,7363636363636363
0,3210112325894863; 0,6807272727272726
0,34073026808446893; 0,6349090909090909
0,3624154560431331; 0,5792727272727272
0,38804732664370234; 0,517090909090909
0,41566332185113075; 0,46145454545454556
0,44723318855773553; 0,40581818181818186
0,47684049722929456; 0,3632727272727272
0,5064549947581249; 0,3272727272727274
0,5380428336079078; 0,28800000000000003
0,5775384154560431; 0,2487272727272729
0,6229683989815785; 0,21272727272727265
0,6664358244720683; 0,18981818181818166
0,7099032499625582; 0,1669090909090909
0,7513973341320952; 0,14727272727272744
0,79685247865808; 0,13418181818181818
0,8423004343267935; 0,11454545454545473
0,8857822375318256; 0,10472727272727278
0,9272871049872695; 0,09490909090909083
0,9648452898008089; 0,09163636363636374
0,9984460086865361; 0,08509090909090888
1,036004193500075; 0,08181818181818179
1,0735587838849785; 0,07527272727272738
1,1170513703759175; 0,07527272727272738
1,1526326194398682; 0,07200000000000006
1,1981021416803956; 0,07200000000000006

ts/t = 0.45
0,0030876141979930827; 1,0112727272727273
0,02682522090759315; 1,0243636363636364
0,05451669911636958; 1,0374545454545454
0,08417792421746284; 1,044
0,11580889621087309; 1,044
0,14744705706155453; 1,0505454545454544
0,1810477759472816; 1,044
0,21464849483300874; 1,0374545454545454
0,252195896360641; 1,0243636363636364
0,2838053017822374; 1,0047272727272727
0,3193685787030104; 0,9850909090909089
0,34306305226898304; 0,9589090909090908
0,35289381458738955; 0,9098181818181816
0,3647015126553842; 0,8607272727272728
0,3804522989366482; 0,8018181818181818
0,3962102740751835; 0,7494545454545454
0,4139487793919425; 0,7003636363636363
0,43563396735060655; 0,6447272727272726
0,4553458139883181; 0,5923636363636364
0,4790151265538416; 0,5432727272727271
0,5086116519394938; 0,49090909090909074
0,5362348360041935; 0,4418181818181819
0,5678190804253407; 0,39927272727272745
0,6033571963456641; 0,3567272727272728
0,642849183765164; 0,31418181818181834
0,6764247416504419; 0,2847272727272727
0,7258085966751537; 0,2487272727272729
0,7633452149168789; 0,22581818181818192
0,8087895761569566; 0,20290909090909115
0,8581878088962107; 0,17999999999999994
0,9095665718136889; 0,16036363636363649
0,9609453347311667; 0,1407272727272726
1,006404073685787; 0,13090909090909109
1,0577936198891718; 0,12109090909090914
1,109186760521192; 0,11454545454545473
1,1566296240826717; 0,11127272727272719
1,196164744645799; 0,1080000000000001


ts/t = 0.5
0,0011034895911337106; 1,0047272727272727
0,02286416055114565; 1,0178181818181817
0,050559233188557706; 1,034181818181818
0,08220817732514596; 1,0505454545454544
0,10989606110528677; 1,0603636363636362
0,1435147521341919; 1,0701818181818181
0,17317238280664965; 1,0734545454545454
0,2008458888722479; 1,0701818181818181
0,2324732664370226; 1,0669090909090908
0,2581662423243971; 1,0603636363636362
0,27990534671259537; 1,0538181818181818
0,3095485996705106; 1,044
0,34116159952074276; 1,0276363636363635
0,3727710049423393; 1,008
0,4063537516848884; 0,9850909090909089
0,4241066347161899; 0,9490909090909091
0,4418415456043132; 0,8967272727272727
0,45760670960011973; 0,8509090909090908
0,4792954919874196; 0,7985454545454547
0,49704118616144966; 0,7559999999999998
0,5167602216564324; 0,7101818181818182
0,5384561929010034; 0,6643636363636365
0,56015575857421; 0,6218181818181818
0,5877681593530029; 0,5629090909090908
0,6154021267036095; 0,5236363636363637
0,641055563875992; 0,481090909090909
0,6726398082971394; 0,43854545454545457
0,7022507113973342; 0,39927272727272745
0,7397657630672458; 0,3567272727272728
0,7812346862363337; 0,31418181818181834
0,8246913284409165; 0,2814545454545456
0,8681479706454995; 0,2487272727272729
0,9116118017073536; 0,2225454545454546
0,9629905646248316; 0,20290909090909115
1,0005415605810992; 0,1930909090909092
1,045989516249813; 0,1734545454545453
1,0855210423843045; 0,1669090909090909
1,127022315411113; 0,15381818181818185
1,1665610304028755; 0,15381818181818185
1,1981884079676504; 0,15054545454545454


ts/t = 0.55
0,009025610304028708; 1,0178181818181817
0,04464999251160695; 1,0538181818181818
0,07827587239778339; 1,0701818181818181
0,1118981578553242; 1,0832727272727274
0,145520443312865; 1,0963636363636362
0,1830894114123109; 1,1029090909090908
0,22460506215366172; 1,1029090909090908
0,26216684139583646; 1,1029090909090908
0,30169836753032797; 1,0963636363636362
0,34517298187808887; 1,0799999999999998
0,38666706604762613; 1,0603636363636362
0,42815755578852766; 1,0374545454545454
0,4696444511007938; 1,0112727272727273
0,5051933503070242; 0,9785454545454545
0,51700823723229; 0,9359999999999999
0,5386970196195897; 0,8836363636363636
0,5584088662573011; 0,8312727272727272
0,5800976486446008; 0,778909090909091
0,6057438969597124; 0,7298181818181817
0,6333634865957765; 0,6774545454545453
0,6629528231241575; 0,6185454545454545
0,6925529429384455; 0,5694545454545454
0,7280838700014978; 0,5203636363636364
0,7596645199940093; 0,4745454545454546
0,8050873146622735; 0,43199999999999994
0,8505029204732664; 0,38290909090909087
0,893963157106485; 0,3534545454545457
0,9314925864909391; 0,32399999999999984
0,9710061404822523; 0,3010909090909091
1,0105161000449303; 0,27490909090909077
1,0539835255354202; 0,2519999999999998
1,099435075632769; 0,23563636363636342
1,156748240227647; 0,2192727272727275
1,1962797663621387; 0,21272727272727265


ts/t = 0.6
0,009018421446757463; 1,0112727272727273
0,040685337726523774; 1,044
0,07431481204133589; 1,0636363636363635
0,10794069192751232; 1,0799999999999998
0,13761629474314807; 1,0996363636363635
0,17716938744945332; 1,1127272727272726
0,22462662872547545; 1,1225454545454545
0,27010333982327384; 1,129090909090909
0,31556567320652984; 1,1225454545454545
0,35115051669911634; 1,1225454545454545
0,39265178972592485; 1,1094545454545455
0,4400766811442264; 1,0898181818181816
0,48157076531376375; 1,0701818181818181
0,525041785232889; 1,0505454545454544
0,5625712146173432; 1,0210909090909088
0,5981129249663023; 0,9818181818181817
0,619801707353602; 0,9294545454545454
0,6434710199191254; 0,8803636363636362
0,6651598023064249; 0,8279999999999998
0,6868593679796317; 0,7854545454545454
0,712505616294743; 0,7363636363636363
0,7401288003594428; 0,6872727272727273
0,7677591732814137; 0,6447272727272726
0,7973592930957016; 0,5956363636363635
0,8269666017672608; 0,5530909090909091
0,8585508461884079; 0,5105454545454544
0,9000197693574958; 0,46799999999999997
0,9434692227048076; 0,4287272727272726
0,9849453347311665; 0,3927272727272726
1,020505017223304; 0,3698181818181816
1,0619883181069343; 0,3403636363636362
1,107425490489741; 0,310909090909091
1,1568273176576305; 0,2912727272727271
1,19634446607758; 0,2716363636363637


ts/t = 0.65
0,009025610304028708; 1,0178181818181817
0,05058439418900701; 1,0570909090909089
0,07828306125505463; 1,0767272727272728
0,11388947131945476; 1,0963636363636362
0,1455420098846787; 1,1159999999999999
0,19102950426838394; 1,1323636363636362
0,23255953272427732; 1,1454545454545455
0,2721054365733113; 1,152
0,3175821476711097; 1,1585454545454543
0,37292915980230634; 1,152
0,4243187060056912; 1,1421818181818182
0,46977385053167586; 1,129090909090909
0,5171987419499775; 1,1094545454545455
0,5626431031900554; 1,0865454545454545
0,6080838700014977; 1,0603636363636362
0,6475974239928111; 1,0374545454545454
0,6910432829114871; 0,9949090909090909
0,716678747940692; 0,9359999999999999
0,7442911487194848; 0,8770909090909091
0,7758610154260897; 0,8214545454545454
0,8034841994907891; 0,7723636363636364
0,8330843193050772; 0,7232727272727273
0,8666347161899055; 0,6709090909090909
0,8982117717537819; 0,6218181818181818
0,935719634566422; 0,5727272727272728
0,9692844091657931; 0,5334545454545454
1,008772802156657; 0,48763636363636365
1,044318106934252; 0,4516363636363636
1,0818475363187061; 0,4221818181818182
1,121357495881384; 0,3959999999999999
1,1628443911936497; 0,3698181818181816
1,1964307323648347; 0,35018181818181815


ts/t = 0.7
0,0050645499475812095; 1,0112727272727273
0,028816534371723768; 1,0374545454545454
0,05058798861764263; 1,0603636363636362
0,07829743896959712; 1,0898181818181816
0,10402276471469218; 1,1127272727272726
0,1297337127452448; 1,1225454545454545
0,16929758873745687; 1,1454545454545455
0,20292346862363325; 1,1618181818181816
0,2484037741500673; 1,1716363636363636
0,28202246517897245; 1,1814545454545455
0,32947251759772345; 1,1847272727272726
0,37889591133742695; 1,1847272727272726
0,4164576905796016; 1,1847272727272726
0,46388977085517435; 1,1716363636363636
0,5034177025610305; 1,1618181818181816
0,5409651040886626; 1,1487272727272726
0,5765319754380709; 1,1323636363636362
0,6219799311067846; 1,1127272727272726
0,6674242923468623; 1,0898181818181816
0,7029875692676353; 1,0701818181818181
0,7504016774000299; 1,0407272727272727
0,7859433877489892; 1,0014545454545454
0,8076429534221956; 0,9589090909090908
0,8313194548449905; 0,9163636363636364
0,8569692975887373; 0,8705454545454545
0,8826191403324848; 0,8247272727272728
0,9082725775048675; 0,7821818181818181
0,9398496330687434; 0,733090909090909
0,9753769657031599; 0,6807272727272726
1,0168351055863414; 0,6283636363636365
1,0543501572562528; 0,5858181818181818
1,0977888273176577; 0,5367272727272727
1,1451921521641455; 0,49745454545454537
1,196556537367081; 0,46472727272727266

ts/t = 0.75
0,007045080125804959; 1,0145454545454544
0,02882012880035939; 1,0407272727272727
0,05850292047326644; 1,0669090909090908
0,08819290100344462; 1,0996363636363635
0,11392182117717531; 1,1258181818181816
0,1475584843492586; 1,152
0,18514542459188255; 1,174909090909091
0,2266754530477758; 1,1879999999999997
0,2682054815036693; 1,201090909090909
0,3018205781039389; 1,2076363636363636
0,34334701213119656; 1,2174545454545453
0,3888165343717238; 1,2174545454545453
0,4263747191852628; 1,214181818181818
0,4698601168189307; 1,2076363636363636
0,5093916429534222; 1,201090909090909
0,5429923618391493; 1,1945454545454544
0,5765858918676051; 1,1814545454545455
0,6141296989666017; 1,165090909090909
0,6516771004942339; 1,152
0,6852706305226898; 1,1389090909090909
0,7208375018720983; 1,1225454545454545
0,7603546502920473; 1,1029090909090908
0,7959179272128201; 1,0832727272727274
0,8314847985622287; 1,0669090909090908
0,8630834206979181; 1,0374545454545454
0,8808398981578553; 1,0047272727272727
0,9005661225101094; 0,9654545454545453
0,92819649543208; 0,9229090909090908
0,9518729968548749; 0,8803636363636362
0,9775300284558932; 0,8410909090909091
1,0110840197693576; 0,7919999999999998
1,0367374569417402; 0,7494545454545454
1,0683288902201589; 0,7134545454545453
1,0999167290699414; 0,6741818181818182
1,129531226598772; 0,6381818181818182
1,1650801258050023; 0,6054545454545452
1,1966823423693276; 0,5792727272727272

ts/t = 0.8
0,0050645499475812095; 1,0112727272727273
0,02288213269432371; 1,034181818181818
0,04466077579751382; 1,0636363636363635
0,0723774150067395; 1,0996363636363635
0,09217193350307018; 1,1225454545454545
0,11394338774898899; 1,1454545454545455
0,1416420548150366; 1,165090909090909
0,1752751235584843; 1,1879999999999997
0,21088153362288453; 1,2076363636363636
0,2623034296839898; 1,227272727272727
0,30976426538864754; 1,2403636363636363
0,3532604463082223; 1,2436363636363637
0,40663771154710193; 1,2436363636363637
0,45013029803804105; 1,2436363636363637
0,4936156956717088; 1,237090909090909
0,5311738804852478; 1,2338181818181817
0,5627976636213868; 1,227272727272727
0,6122102740751835; 1,2174545454545453
0,6576654186011682; 1,2043636363636363
0,6892892017373071; 1,1978181818181817
0,7209022015875395; 1,1814545454545455
0,7604229444361241; 1,165090909090909
0,7979703459637562; 1,152
0,8315566871349409; 1,1323636363636362
0,8770010483750186; 1,1094545454545455
0,9066371124756629; 1,093090909090909
0,9481276022165643; 1,0701818181818181
0,9678610154260896; 1,0374545454545454
0,9954913883480605; 0,9949090909090909
1,0211412310918078; 0,9490909090909091
1,04877879287105; 0,9130909090909091
1,078386101542609; 0,8705454545454545
1,1079970046428036; 0,8312727272727272
1,1376115021716342; 0,7952727272727271
1,1711726823423694; 0,7527272727272727
1,1968440916579304; 0,7265454545454546

ts/t = 0.9
0,005068144376216832; 1,0145454545454544
0,028830912086266203; 1,0505454545454544
0,048632619439868185; 1,0799999999999998
0,06842713793619881; 1,1029090909090908
0,08822525086116517; 1,129090909090909
0,11000389396435523; 1,1585454545454543
0,13771334431630966; 1,1879999999999997
0,1654156058109929; 1,210909090909091
0,19311067844840502; 1,227272727272727
0,22080934551445253; 1,246909090909091
0,25245469522240527; 1,2599999999999998
0,2821267036094053; 1,2763636363636364
0,31574539463831053; 1,286181818181818
0,3454102141680395; 1,2959999999999998
0,3829755878388498; 1,2992727272727271
0,41461015426089565; 1,3025454545454545
0,448218062003894; 1,3025454545454545
0,48577984124606854; 1,3025454545454545
0,5233380260596076; 1,2992727272727271
0,5529920623034297; 1,2992727272727271
0,5984508012580501; 1,2894545454545452
0,6597250262093755; 1,2796363636363637
0,7051801707353601; 1,2665454545454544
0,7486619739403924; 1,2567272727272727
0,7941207128950127; 1,246909090909091
0,8257373071738805; 1,2338181818181817
0,871192451699865; 1,2207272727272727
0,9205942788677548; 1,201090909090909
0,9640688932155161; 1,1847272727272726
0,9996357645649245; 1,1683636363636363
1,03322929459338; 1,1552727272727272
1,070773101692377; 1,1389090909090909
1,1102902501123257; 1,1192727272727274
1,132004193500075; 1,0898181818181816
1,1537109480305525; 1,0538181818181818
1,179367979631571; 1,0145454545454544
1,1991049872697321; 0,9850909090909089

ts/t = 1
0,0030804253407218374; 1,0047272727272727
0,016944136588288083; 1,0276363636363635
0,03477969147820875; 1,0669090909090908
0,05854964804552942; 1,1094545454545455
0,08428935150516692; 1,1454545454545455
0,12190504717687584; 1,1945454545454544
0,15555608806350146; 1,2338181818181817
0,19710768309120863; 1,2665454545454544
0,2366823423693275; 1,2992727272727271
0,2841647446457989; 1,3319999999999999
0,34547850831211613; 1,358181818181818
0,3988737456941739; 1,3745454545454545
0,45818541261045376; 1,3778181818181818
0,5135396135989216; 1,3778181818181818
0,5629666017672608; 1,3810909090909091
0,6420224651789724; 1,3614545454545453
0,6953925415605811; 1,3549090909090908
0,7625939793320353; 1,3418181818181818
0,8120101842144676; 1,3352727272727272
0,873284409165793; 1,3254545454545452
0,9385125056162946; 1,3156363636363635
0,9978026059607608; 1,2992727272727271
1,0630271079826268; 1,286181818181818
1,1183669312565525; 1,273090909090909
1,1657990115321253; 1,2599999999999998
1,199396135989217; 1,250181818181818

ts/t = 1.2
0,0030804253407218374; 1,0047272727272727
0,026864759622584944; 1,0603636363636362
0,044711097798412425; 1,1094545454545455
0,0645199940092856; 1,1454545454545455
0,09423154111127752; 1,1978181818181817
0,12393949378463381; 1,246909090909091
0,1595710648494833; 1,2894545454545452
0,20113703759173274; 1,3352727272727272
0,24071169686985172; 1,3679999999999999
0,2881940991463232; 1,4007272727272726
0,33764265388647596; 1,4236363636363634
0,40291028905196935; 1,4498181818181817
0,4523444660775797; 1,4596363636363634
0,5057325146023663; 1,4694545454545453
0,5571400329489291; 1,476
0,602613149618092; 1,479272727272727
0,6579637561779242; 1,476
0,7172682342369328; 1,4727272727272727
0,7686649692975889; 1,4694545454545453
0,8161078328590685; 1,466181818181818
0,8635506964205482; 1,4629090909090907
0,914947431481204; 1,4596363636363634
0,9801791223603415; 1,453090909090909
1,02761479706455; 1,4432727272727273
1,0888998053017822; 1,4432727272727273
1,146223753182567; 1,4367272727272726
1,1995938295641757; 1,430181818181818

ts/t = 1.4
0,005071738804852455; 1,0178181818181817
0,026889920623034247; 1,0832727272727274
0,04670960011981423; 1,129090909090909
0,07247446457990109; 1,1879999999999997
0,09624801557585733; 1,2338181818181817
0,12397543807098993; 1,2796363636363637
0,1497187359592631; 1,3189090909090908
0,17545484499026504; 1,3516363636363635
0,20119095402126697; 1,3843636363636362
0,2368153362288452; 1,4203636363636363
0,2724325295791522; 1,4498181818181817
0,3040886625730118; 1,4727272727272727
0,3555177474913883; 1,4989090909090907
0,4010124307323648; 1,5218181818181817
0,44846967200838705; 1,5316363636363635
0,5058187808896211; 1,5479999999999998
0,5631571064849483; 1,5545454545454545
0,6125840946532874; 1,5578181818181818
0,6620146772502621; 1,5643636363636362
0,7134150067395535; 1,5643636363636362
0,762838400479257; 1,5643636363636362
0,820169537217313; 1,5643636363636362
0,8715662722779691; 1,5610909090909089
0,9249435375168489; 1,5610909090909089
0,9763402725775048; 1,5578181818181818
1,0257564774599373; 1,5512727272727271
1,0751726823423695; 1,5447272727272727
1,1206350157256253; 1,538181818181818
1,1660973491088813; 1,5316363636363635
1,1996980679946085; 1,5250909090909088
